1998 model_file\iv_plda/1998.iv_plda -9.138312276204427 9.02835891442366
3528 model_file\iv_plda/3528.iv_plda -6.3154776000976565 4.701490026350667
4323 model_file\iv_plda/4323.iv_plda -11.667854546440973 11.090097576955408
6432 model_file\iv_plda/6432.iv_plda -9.204319559733072 12.711212192582515
6841 model_file\iv_plda/6841.iv_plda -10.488557332356772 11.83128953688861
700 model_file\iv_plda/700.iv_plda -10.64500725640191 9.224328953342011
7902 model_file\iv_plda/7902.iv_plda -7.430913662380642 11.365678803737154
8131 model_file\iv_plda/8131.iv_plda -11.012657029893663 13.660449598087414
8188 model_file\iv_plda/8188.iv_plda -5.978632439507378 5.291096441141983
8254 model_file\iv_plda/8254.iv_plda -5.713448723687066 8.526318654591945
