1998 model_file\xv_plda/1998.xv_plda -8.425659077962239 9.383969729781782
3528 model_file\xv_plda/3528.xv_plda -5.632279425726996 6.475590899887174
4323 model_file\xv_plda/4323.xv_plda -15.535125495062934 11.303073715990394
6432 model_file\xv_plda/6432.xv_plda -10.055276624891492 12.646484074383546
6841 model_file\xv_plda/6841.xv_plda -13.390073750813801 12.467788468878249
700 model_file\xv_plda/700.xv_plda -11.192405531141493 9.803474074481812
7902 model_file\xv_plda/7902.xv_plda -14.5479148695204 14.932532102810699
8131 model_file\xv_plda/8131.xv_plda -5.250455559624566 10.820508903830357
8188 model_file\xv_plda/8188.xv_plda -6.605141940646702 8.489482022017723
8254 model_file\xv_plda/8254.xv_plda -9.913372667100694 9.621783136907748
